<?xml version="1.0" encoding="UTF-8"?>
<!-- Generator: visioncortex VTracer 0.6.4 -->
<svg version="1.1" xmlns="http://www.w3.org/2000/svg" width="52" height="69">
<path d="M0 0 C17.16 0 34.32 0 52 0 C52 22.77 52 45.54 52 69 C34.84 69 17.68 69 0 69 C0 46.23 0 23.46 0 0 Z " fill="#B99381" transform="translate(0,0)"/>
<path d="M0 0 C4.61 2.5 8.47 5.7 11.23 10.21 C11.86 14.7 11.69 19.23 11.66 23.77 C11.69 25.64 11.69 25.64 11.72 27.54 C11.72 28.73 11.72 29.92 11.72 31.15 C11.73 32.78 11.73 32.78 11.73 34.45 C11.23 37.21 11.23 37.21 9.2 39.09 C8.55 39.46 7.9 39.83 7.23 40.21 C6.23 39.21 6.23 39.21 6.13 36.7 C6.14 35.69 6.15 34.68 6.16 33.64 C6.17 32.63 6.18 31.62 6.19 30.58 C6.2 29.8 6.21 29.01 6.23 28.21 C5.57 28.21 4.91 28.21 4.23 28.21 C3.9 29.53 3.57 30.85 3.23 32.21 C-5.2 33.49 -5.2 33.49 -9.77 32.21 C-9.77 29.57 -9.77 26.93 -9.77 24.21 C-9.11 24.21 -8.45 24.21 -7.77 24.21 C-7.77 23.55 -7.77 22.89 -7.77 22.21 C-4.47 22.21 -1.17 22.21 2.23 22.21 C2.56 19.57 2.89 16.93 3.23 14.21 C0.7 12.62 -1.66 11.25 -4.46 10.21 C-6.77 9.21 -6.77 9.21 -8.77 6.21 C-11.54 5.28 -13.23 5.07 -16.09 5.08 C-16.82 5.08 -17.56 5.08 -18.32 5.07 C-21.19 5.23 -23.95 5.69 -26.77 6.21 C-26.88 7.1 -26.99 7.99 -27.11 8.91 C-27.26 10.08 -27.42 11.25 -27.59 12.46 C-27.74 13.62 -27.89 14.78 -28.04 15.97 C-28.79 19.27 -29.69 20.64 -31.77 23.21 C-32.54 25.32 -32.54 25.32 -32.96 27.46 C-33.23 28.69 -33.5 29.93 -33.77 31.21 C-34.1 29.89 -34.43 28.57 -34.77 27.21 C-35.76 27.21 -36.75 27.21 -37.77 27.21 C-37.52 25 -37.24 22.79 -36.96 20.58 C-36.73 18.74 -36.73 18.74 -36.5 16.86 C-35.01 9.39 -31.67 5.58 -25.77 1.21 C-25.24 0.79 -24.7 0.37 -24.15 -0.06 C-16.68 -5.15 -7.81 -3.51 0 0 Z " fill="#7E6A5E" transform="translate(40.7734375,5.79296875)"/>
<path d="M0 0 C0.92 0.04 1.84 0.07 2.79 0.11 C3.67 0.15 4.55 0.19 5.46 0.24 C6.27 0.28 7.08 0.31 7.92 0.35 C10.06 0.69 10.06 0.69 13.06 2.69 C12.4 8.3 11.74 13.91 11.06 19.69 C0.5 19.69 -10.06 19.69 -20.94 19.69 C-21.27 13.42 -21.6 7.15 -21.94 0.69 C-19.46 1.18 -19.46 1.18 -16.94 1.69 C-16.94 3.67 -16.94 5.65 -16.94 7.69 C-16.28 7.69 -15.62 7.69 -14.94 7.69 C-14.63 8.51 -14.32 9.34 -14 10.19 C-12.19 12.95 -12.19 12.95 -9.33 13.05 C-6.5 13.06 -3.75 13.01 -0.94 12.69 C-0.61 12.36 -0.28 12.03 0.06 11.69 C-2.58 10.7 -5.22 9.71 -7.94 8.69 C-7.61 7.7 -7.28 6.71 -6.94 5.69 C-6.28 5.69 -5.62 5.69 -4.94 5.69 C-4.94 5.03 -4.94 4.37 -4.94 3.69 C-7.25 3.36 -9.56 3.03 -11.94 2.69 C-11.94 2.03 -11.94 1.37 -11.94 0.69 C-8.3 -1.13 -3.99 -0.2 0 0 Z " fill="#87685B" transform="translate(30.9375,49.3125)"/>
<path d="M0 0 C17.16 0 34.32 0 52 0 C52 5.28 52 10.56 52 16 C51.01 15.11 50.02 14.23 49 13.31 C41.38 6.79 35.08 3.48 24.95 3.6 C17.81 4.57 12.68 8.93 8.19 14.31 C7.69 14.99 7.18 15.67 6.67 16.36 C5 18 5 18 0 19 C0 12.73 0 6.46 0 0 Z " fill="#C0C1C1" transform="translate(0,0)"/>
<path d="M0 0 C0.66 0 1.32 0 2 0 C2.33 3.63 2.66 7.26 3 11 C3.66 10.34 4.32 9.68 5 9 C5.66 9 6.32 9 7 9 C7 17.58 7 26.16 7 35 C3.7 35 0.4 35 -3 35 C-3.08 29.18 -3 23.73 -2 18 C-4.9 16.55 -7.65 16.69 -10.88 16.5 C-18.5 16.05 -18.5 16.05 -22 15 C-22 13.02 -22 11.04 -22 9 C-18.88 8.03 -16.48 8.01 -13.25 8.44 C-12.45 8.54 -11.65 8.64 -10.83 8.75 C-10.22 8.83 -9.62 8.91 -9 9 C-8.67 9.99 -8.34 10.98 -8 12 C-5.36 12 -2.72 12 0 12 C0.33 9.69 0.66 7.38 1 5 C-0.65 5 -2.3 5 -4 5 C-3.01 4.34 -2.02 3.68 -1 3 C-0.67 2.01 -0.34 1.02 0 0 Z " fill="#99796D" transform="translate(45,34)"/>
<path d="M0 0 C1.62 1.88 1.62 1.88 3 4 C6.59 5.29 6.59 5.29 10 6 C10 6.99 10 7.98 10 9 C9.01 9 8.02 9 7 9 C7.33 11.31 7.66 13.62 8 16 C0.41 16.26 -6.57 15.61 -14 14 C-14 13.01 -14 12.02 -14 11 C-14.66 11 -15.32 11 -16 11 C-16.66 8.69 -17.32 6.38 -18 4 C-17.34 4 -16.68 4 -16 4 C-16 3.34 -16 2.68 -16 2 C-10.72 0.2 -5.58 -0.95 0 0 Z " fill="#E0B69E" transform="translate(32,11)"/>
<path d="M0 0 C0.92 0.04 1.84 0.07 2.79 0.11 C3.67 0.15 4.55 0.19 5.46 0.24 C6.27 0.28 7.08 0.31 7.92 0.35 C10.06 0.69 10.06 0.69 13.06 2.69 C12.4 8.3 11.74 13.91 11.06 19.69 C8.12 19.74 5.19 19.78 2.25 19.81 C1.42 19.83 0.58 19.85 -0.28 19.86 C-1.08 19.87 -1.88 19.88 -2.71 19.88 C-3.81 19.9 -3.81 19.9 -4.94 19.91 C-6.94 19.69 -6.94 19.69 -9.94 17.69 C-9.94 17.03 -9.94 16.37 -9.94 15.69 C-6.64 15.69 -3.34 15.69 0.06 15.69 C0.06 15.03 0.06 14.37 0.06 13.69 C1.02 13.29 1.02 13.29 2 12.88 C4.39 11.8 4.39 11.8 5.06 8.69 C5.72 8.69 6.38 8.69 7.06 8.69 C7.72 6.71 8.38 4.73 9.06 2.69 C8.07 3.02 7.08 3.35 6.06 3.69 C4.67 3.75 3.27 3.77 1.88 3.75 C-0.01 3.72 -0.01 3.72 -1.94 3.69 C-1.94 3.03 -1.94 2.37 -1.94 1.69 C-5.24 2.02 -8.54 2.35 -11.94 2.69 C-11.94 2.03 -11.94 1.37 -11.94 0.69 C-8.3 -1.13 -3.99 -0.2 0 0 Z " fill="#806356" transform="translate(30.9375,49.3125)"/>
<path d="M0 0 C1.32 0.33 2.64 0.66 4 1 C4 2.32 4 3.64 4 5 C5.32 5 6.64 5 8 5 C10.11 9.28 10.24 13.14 10.12 17.81 C10.12 18.51 10.11 19.2 10.1 19.91 C10.07 21.61 10.04 23.3 10 25 C6.7 25 3.4 25 0 25 C0 16.75 0 8.5 0 0 Z " fill="#C1C0C1" transform="translate(0,44)"/>
<path d="M0 0 C0.99 0 1.98 0 3 0 C3 1.98 3 3.96 3 6 C7.95 6.33 12.9 6.66 18 7 C17.67 9.31 17.34 11.62 17 14 C14.36 14 11.72 14 9 14 C8.67 13.34 8.34 12.68 8 12 C5.31 11.5 2.71 11.11 0 10.81 C-1.13 10.67 -1.13 10.67 -2.27 10.53 C-4.18 10.3 -6.09 10.14 -8 10 C-8.33 10.33 -8.66 10.66 -9 11 C-11 11.04 -13 11.04 -15 11 C-15 9.68 -15 8.36 -15 7 C-15.66 7 -16.32 7 -17 7 C-17 6.01 -17 5.02 -17 4 C-11.39 4.33 -5.78 4.66 0 5 C0 3.35 0 1.7 0 0 Z " fill="#E0B2A3" transform="translate(28,32)"/>
<path d="M0 0 C0.33 0 0.66 0 1 0 C1 7.26 1 14.52 1 22 C-2.3 22 -5.6 22 -9 22 C-9.45 10.98 -9.45 10.98 -6 6 C-5.01 5.67 -4.02 5.34 -3 5 C-2.67 4.34 -2.34 3.68 -2 3 C-1.34 3 -0.68 3 0 3 C0 2.01 0 1.02 0 0 Z " fill="#C1C0C0" transform="translate(51,47)"/>
<path d="M0 0 C0.66 0 1.32 0 2 0 C2 0.66 2 1.32 2 2 C3.65 2.33 5.3 2.66 7 3 C7.33 4.65 7.66 6.3 8 8 C9.32 7.67 10.64 7.34 12 7 C12.12 10.77 12.19 14.54 12.25 18.31 C12.3 19.92 12.3 19.92 12.35 21.56 C12.36 22.59 12.38 23.62 12.39 24.68 C12.41 25.62 12.43 26.57 12.45 27.55 C12 30 12 30 9.98 31.83 C9.32 32.22 8.67 32.6 8 33 C6.31 31.31 6.87 29.14 6.86 26.83 C6.84 25.77 6.82 24.71 6.8 23.62 C6.77 21.39 6.75 19.16 6.75 16.92 C6.71 10.4 6.71 10.4 3.52 4.92 C2.27 3.97 2.27 3.97 1 3 C0.67 2.01 0.34 1.02 0 0 Z " fill="#685145" transform="translate(40,13)"/>
<path d="M0 0 C0 0.66 0 1.32 0 2 C5.45 1.51 5.45 1.51 11 1 C10 5 10 5 9 7 C8.34 7 7.68 7 7 7 C6.92 7.62 6.84 8.24 6.75 8.88 C6 11 6 11 4.34 12.12 C1.37 13.24 -1.08 13.19 -4.25 13.12 C-5.33 13.11 -6.41 13.09 -7.52 13.07 C-8.34 13.05 -9.16 13.02 -10 13 C-10 12.67 -10 12.34 -10 12 C-9.22 11.94 -8.44 11.88 -7.63 11.82 C-6.62 11.73 -5.61 11.65 -4.56 11.56 C-3.55 11.48 -2.54 11.4 -1.5 11.32 C0.94 11.27 0.94 11.27 2 10 C-0.64 9.01 -3.28 8.02 -6 7 C-5.67 6.01 -5.34 5.02 -5 4 C-4.34 4 -3.68 4 -3 4 C-3 3.34 -3 2.68 -3 2 C-4.65 2 -6.3 2 -8 2 C-4.77 -0.15 -3.72 -0.2 0 0 Z " fill="#A1776A" transform="translate(29,51)"/>
<path d="M0 0 C1.44 2.88 0.68 4.86 0.12 8 C-0.06 9.07 -0.24 10.14 -0.43 11.25 C-1 14 -1 14 -2 16 C-1.34 16 -0.68 16 0 16 C0 18.97 0 21.94 0 25 C0.66 24.67 1.32 24.34 2 24 C1.45 27.37 0.95 29.08 -1 32 C-1.15 31.04 -1.15 31.04 -1.31 30.06 C-1.54 29.38 -1.77 28.7 -2 28 C-2.99 27.67 -3.98 27.34 -5 27 C-5 18.75 -5 10.5 -5 2 C-3.35 1.34 -1.7 0.68 0 0 Z " fill="#BDBABA" transform="translate(5,17)"/>
<path d="M0 0 C5.94 1.48 5.94 1.48 12 3 C12 3.66 12 4.32 12 5 C11.34 5 10.68 5 10 5 C10 5.99 10 6.98 10 8 C12.64 8.66 15.28 9.32 18 10 C17.01 11.48 17.01 11.48 16 13 C13.5 13.4 13.5 13.4 10.56 13.38 C9.59 13.38 8.63 13.39 7.63 13.4 C5 13 5 13 3.15 11.66 C2 10 2 10 2 7 C1.34 7 0.68 7 0 7 C0 4.69 0 2.38 0 0 Z " fill="#C09380" transform="translate(14,50)"/>
<path d="M0 0 C0.99 0.33 1.98 0.66 3 1 C3.12 4.37 3.12 4.37 3 8 C1 10 1 10 -2.31 10.25 C-5.73 10.02 -7.95 9.48 -11 8 C-10.67 7.01 -10.34 6.02 -10 5 C-9.01 4.67 -8.02 4.34 -7 4 C-8.32 4 -9.64 4 -11 4 C-10.67 3.01 -10.34 2.02 -10 1 C-6.86 -0.57 -3.44 -0.23 0 0 Z " fill="#A08174" transform="translate(24,26)"/>
<path d="M0 0 C4.95 0.33 9.9 0.66 15 1 C14.67 3.31 14.34 5.62 14 8 C11.36 8 8.72 8 6 8 C5.67 7.34 5.34 6.68 5 6 C2.94 5.61 2.94 5.61 0.56 5.5 C-3.78 5.22 -3.78 5.22 -6 3 C-4.35 3 -2.7 3 -1 3 C-0.67 2.01 -0.34 1.02 0 0 Z " fill="#B99685" transform="translate(31,38)"/>
<path d="M0 0 C1.32 0.33 2.64 0.66 4 1 C3.63 8.45 2.79 15.05 0 22 C-0.33 20.68 -0.66 19.36 -1 18 C-1.99 18 -2.98 18 -4 18 C-3.72 15.75 -3.42 13.5 -3.12 11.25 C-2.96 10 -2.8 8.74 -2.63 7.45 C-2.09 4.51 -1.52 2.53 0 0 Z " fill="#453831" transform="translate(7,15)"/>
<path d="M0 0 C1 3 1 3 -0.03 5.66 C-2 8 -2 8 -5.03 8.56 C-6.18 8.52 -7.32 8.48 -8.5 8.44 C-10.22 8.4 -10.22 8.4 -11.97 8.37 C-15 8 -15 8 -18 6 C-18 5.34 -18 4.68 -18 4 C-16.55 3.82 -16.55 3.82 -15.08 3.63 C-13.18 3.38 -13.18 3.38 -11.25 3.12 C-10 2.96 -8.74 2.8 -7.45 2.63 C-4.51 2.09 -2.53 1.52 0 0 Z " fill="#6C4A3D" transform="translate(39,61)"/>
<path d="M0 0 C1.98 0.99 1.98 0.99 4 2 C4.05 3.77 4.09 5.54 4.12 7.31 C4.15 8.3 4.17 9.28 4.2 10.3 C4 13 4 13 2 16 C1.34 16 0.68 16 0 16 C0 10.72 0 5.44 0 0 Z " fill="#352B24" transform="translate(48,24)"/>
<path d="M0 0 C10.88 -0.57 10.88 -0.57 15 3 C15 3.66 15 4.32 15 5 C11.03 5.83 7.86 6.42 4 5 C1.69 2.44 1.69 2.44 0 0 Z " fill="#534E46" transform="translate(27,4)"/>
<path d="M0 0 C0.8 0.01 1.6 0.02 2.42 0.03 C3.03 0.04 3.63 0.05 4.25 0.06 C4.25 0.39 4.25 0.72 4.25 1.06 C-0.04 1.72 -4.33 2.38 -8.75 3.06 C-9.91 6.54 -9.46 8.52 -8.75 12.06 C-8.09 12.06 -7.43 12.06 -6.75 12.06 C-6.75 13.05 -6.75 14.04 -6.75 15.06 C-5.76 15.39 -4.77 15.72 -3.75 16.06 C-5.73 16.06 -7.71 16.06 -9.75 16.06 C-9.75 14.41 -9.75 12.76 -9.75 11.06 C-10.41 11.06 -11.07 11.06 -11.75 11.06 C-12.12 4.61 -12.12 4.61 -10.5 2.19 C-7.18 0.05 -3.87 -0.06 0 0 Z " fill="#C8A18B" transform="translate(24.75,9.9375)"/>
<path d="M0 0 C2.88 -0.12 2.88 -0.12 6 0 C6.66 0.66 7.32 1.32 8 2 C6.35 2.66 4.7 3.32 3 4 C6.47 5.48 6.47 5.48 10 7 C10 7.66 10 8.32 10 9 C6.37 8.67 2.74 8.34 -1 8 C-1.12 2.25 -1.12 2.25 0 0 Z " fill="#533A2F" transform="translate(33,28)"/>
<path d="M0 0 C4.29 0.99 8.58 1.98 13 3 C12.01 4.48 12.01 4.48 11 6 C8.4 6.29 8.4 6.29 5.38 6.19 C3.87 6.15 3.87 6.15 2.34 6.11 C1.18 6.05 1.18 6.05 0 6 C-1 3 -1 3 0 0 Z " fill="#D8B09E" transform="translate(19,57)"/>
<path d="M0 0 C3 2 3 2 3.69 4.62 C4.04 8.45 4.07 12.16 4 16 C2.68 16 1.36 16 0 16 C0.33 14.02 0.66 12.04 1 10 C0.34 9.67 -0.32 9.34 -1 9 C-0.67 6.03 -0.34 3.06 0 0 Z " fill="#8D6E64" transform="translate(5,33)"/>
<path d="M0 0 C-0.33 1.32 -0.66 2.64 -1 4 C-7.62 4.12 -7.62 4.12 -11 3 C-11 2.01 -11 1.02 -11 0 C-7.18 -1.37 -3.93 -0.68 0 0 Z " fill="#896558" transform="translate(26,32)"/>
<path d="M0 0 C3.93 3.93 6.22 6.41 7 12 C5.68 12 4.36 12 3 12 C3 11.34 3 10.68 3 10 C2.34 10 1.68 10 1 10 C0.67 6.7 0.34 3.4 0 0 Z " fill="#6E4E40" transform="translate(12,57)"/>
<path d="M0 0 C1.46 2.91 0.64 4.96 0.06 8.12 C-0.13 9.22 -0.33 10.32 -0.53 11.45 C-0.76 12.71 -0.76 12.71 -1 14 C-1.33 14 -1.66 14 -2 14 C-2 12.02 -2 10.04 -2 8 C-2.99 8 -3.98 8 -5 8 C-5 6.02 -5 4.04 -5 2 C-3.35 1.34 -1.7 0.68 0 0 Z " fill="#A67C7E" transform="translate(5,17)"/>
<path d="M0 0 C2.79 0.44 5.31 1.1 8 2 C8 2.99 8 3.98 8 5 C5.03 5 2.06 5 -1 5 C-1 1 -1 1 0 0 Z " fill="#F5D4C0" transform="translate(23,12)"/>
<path d="M0 0 C0.96 0.09 1.91 0.18 2.9 0.27 C5.22 0.57 7.38 1 9.62 1.62 C9.62 2.28 9.62 2.95 9.62 3.62 C7.31 3.62 5 3.62 2.62 3.62 C2.62 2.97 2.62 2.3 2.62 1.62 C-0.68 1.95 -3.98 2.28 -7.38 2.62 C-7.38 1.97 -7.38 1.3 -7.38 0.62 C-4.7 -0.71 -2.96 -0.29 0 0 Z " fill="#6F4438" transform="translate(26.375,49.375)"/>
<path d="M0 0 C3.3 0.33 6.6 0.66 10 1 C10 1.33 10 1.66 10 2 C8.02 2 6.04 2 4 2 C4 2.99 4 3.98 4 5 C-2.05 5.2 -2.05 5.2 -4 5 C-4.66 4.34 -5.32 3.68 -6 3 C-4.35 3 -2.7 3 -1 3 C-0.67 2.01 -0.34 1.02 0 0 Z " fill="#B2867A" transform="translate(31,38)"/>
<path d="M0 0 C2.56 2.19 2.56 2.19 5 5 C4.81 7.81 4.81 7.81 4 10 C3.01 10 2.02 10 1 10 C-1.12 3.38 -1.12 3.38 0 0 Z " fill="#8B7F72" transform="translate(47,11)"/>
<path d="M0 0 C2.64 0 5.28 0 8 0 C8.33 1.32 8.66 2.64 9 4 C2.38 4.12 2.38 4.12 -1 3 C-0.67 2.01 -0.34 1.02 0 0 Z " fill="#73483C" transform="translate(24,42)"/>
<path d="M0 0 C-0.33 1.65 -0.66 3.3 -1 5 C-2.98 5 -4.96 5 -7 5 C-7 3.68 -7 2.36 -7 1 C-2.25 0 -2.25 0 0 0 Z " fill="#CEA896" transform="translate(44,40)"/>
<path d="M0 0 C0.66 1.32 1.32 2.64 2 4 C1.31 3.92 0.63 3.83 -0.08 3.75 C-0.98 3.64 -1.88 3.54 -2.81 3.44 C-3.71 3.33 -4.6 3.23 -5.52 3.12 C-8.13 2.84 -8.13 2.84 -11 4 C-10.67 3.01 -10.34 2.02 -10 1 C-6.79 -0.61 -3.56 -0.06 0 0 Z " fill="#6F4F42" transform="translate(24,26)"/>
<path d="M0 0 C0.66 0.33 1.32 0.66 2 1 C1.67 2.65 1.34 4.3 1 6 C-2.63 5.34 -6.26 4.68 -10 4 C-10 3.34 -10 2.68 -10 2 C-6.7 2.33 -3.4 2.66 0 3 C0 2.01 0 1.02 0 0 Z " fill="#936960" transform="translate(33,43)"/>
<path d="M0 0 C0.66 0 1.32 0 2 0 C2 2.97 2 5.94 2 9 C2.66 8.67 3.32 8.34 4 8 C3.45 11.37 2.95 13.08 1 16 C-0.07 12.54 -0.1 9.36 -0.06 5.75 C-0.05 4.13 -0.05 4.13 -0.04 2.48 C-0.02 1.66 -0.01 0.84 0 0 Z " fill="#B19591" transform="translate(3,33)"/>
<path d="M0 0 C1.32 0.66 2.64 1.32 4 2 C3.67 3.98 3.34 5.96 3 8 C1.68 8 0.36 8 -1 8 C-1.04 5.67 -1.04 3.33 -1 1 C-0.67 0.67 -0.34 0.34 0 0 Z " fill="#C59585" transform="translate(20,41)"/>
<path d="M0 0 C2.31 0.66 4.62 1.32 7 2 C7 2.99 7 3.98 7 5 C4.36 5 1.72 5 -1 5 C-1 4.34 -1 3.68 -1 3 C-0.34 3 0.32 3 1 3 C0.67 2.01 0.34 1.02 0 0 Z " fill="#A8ABAC" transform="translate(1,64)"/>
<path d="M0 0 C0.99 0 1.98 0 3 0 C3 2.31 3 4.62 3 7 C1.68 7.33 0.36 7.66 -1 8 C-0.67 5.36 -0.34 2.72 0 0 Z " fill="#EDC9BB" transform="translate(28,32)"/>
<path d="M0 0 C1.46 0.09 2.92 0.2 4.38 0.31 C5.59 0.4 5.59 0.4 6.84 0.49 C9 1 9 1 11 4 C8.03 3.67 5.06 3.34 2 3 C2 2.34 2 1.68 2 1 C1.34 0.67 0.68 0.34 0 0 Z " fill="#5D4D40" transform="translate(20,6)"/>
<path d="M0 0 C1.11 0.34 1.11 0.34 2.25 0.69 C2.25 1.35 2.25 2.01 2.25 2.69 C3.24 3.02 4.23 3.35 5.25 3.69 C2.94 4.02 0.63 4.35 -1.75 4.69 C-1.75 4.36 -1.75 4.03 -1.75 3.69 C-3.4 3.36 -5.05 3.03 -6.75 2.69 C-4.3 0.41 -3.41 -0.39 0 0 Z " fill="#958273" transform="translate(19.75,6.3125)"/>
<path d="M0 0 C0 0.99 0 1.98 0 3 C-3.63 3 -7.26 3 -11 3 C-7.89 -0.11 -4.27 0 0 0 Z " fill="#5B3A2C" transform="translate(36,65)"/>
<path d="M0 0 C0.76 0.31 1.53 0.62 2.31 0.94 C4.19 1.68 6.09 2.36 8 3 C8 3.99 8 4.98 8 6 C6.68 6 5.36 6 4 6 C4 5.34 4 4.68 4 4 C3.01 4 2.02 4 1 4 C0.67 2.68 0.34 1.36 0 0 Z " fill="#C19684" transform="translate(9,42)"/>
<path d="M0 0 C2.31 0.33 4.62 0.66 7 1 C7 1.66 7 2.32 7 3 C3.71 4.1 2.29 3.8 -1 3 C-0.67 2.01 -0.34 1.02 0 0 Z " fill="#634135" transform="translate(19,31)"/>
<path d="M0 0 C1.32 0.66 2.64 1.32 4 2 C2 4 2 4 -0.6 4.2 C-1.6 4.17 -2.6 4.15 -3.62 4.12 C-5.13 4.1 -5.13 4.1 -6.66 4.07 C-7.43 4.05 -8.21 4.02 -9 4 C-9.33 3.34 -9.66 2.68 -10 2 C-6.7 2.33 -3.4 2.66 0 3 C0 2.01 0 1.02 0 0 Z " fill="#C29B8B" transform="translate(28,59)"/>
<path d="M0 0 C0.66 0 1.32 0 2 0 C2 2.31 2 4.62 2 7 C1.67 6.34 1.34 5.68 1 5 C-1.53 4.34 -1.53 4.34 -4 4 C-3 2 -3 2 0 1 C0 0.67 0 0.34 0 0 Z " fill="#8D675B" transform="translate(25,27)"/>
<path d="M0 0 C0.66 0.33 1.32 0.66 2 1 C2.33 0.67 2.66 0.34 3 0 C3.66 1.32 4.32 2.64 5 4 C3 5 3 5 -0.12 4.06 C-1.07 3.71 -2.02 3.36 -3 3 C-2.01 2.67 -1.02 2.34 0 2 C0 1.34 0 0.68 0 0 Z " fill="#B6B7B6" transform="translate(36,1)"/>
</svg>
